Stage1 108862.2 204116.6 720.83 19.222 0.200 0.0100 12.00
Stage2 108862.2 204116.6 720.83 19.222 0.200 0.0100 12.00
Stage3 108862.2 204116.6 720.83 19.222 0.200 0.0100 12.00
Stage4 108862.2 204116.6 720.83 19.222 0.200 0.0100 12.00
Stage5 108862.2 204116.6 720.83 19.222 0.200 0.0100 12.00
Stage6 108862.2 204116.6 720.83 19.222 0.200 0.0100 12.00
Stage7 108862.2 204116.6 720.83 19.222 0.200 0.0100 12.00
Stage8 108862.2 204116.6 720.83 19.222 0.200 0.0100 12.00
Stage9 108862.2 204116.6 720.83 19.222 0.200 0.0100 12.00
Stage10 108862.2 204116.6 720.83 19.222 0.200 0.0100 12.00
Stage11 108862.2 204116.6 720.83 19.222 0.200 0.0100 12.00
Stage12 108862.2 204116.6 720.83 19.222 0.200 0.0100 12.00
Stage13 108862.2 204116.6 720.83 19.222 0.200 0.0100 12.00
Stage14 108862.2 204116.6 720.83 19.222 0.200 0.0100 12.00
Stage15 108862.2 204116.6 720.83 19.222 0.200 0.0100 12.00
Stage16 108862.2 204116.6 720.83 19.222 0.200 0.0100 12.00